0 0.501667 0.337248 0.058889 0.080537
0 0.432778 0.299497 0.056667 0.085570
0 0.697778 0.363255 0.071111 0.095638
0 0.821111 0.463087 0.062222 0.083893
0 0.843889 0.389262 0.065556 0.080537
2 0.164444 0.676174 0.088889 0.204698
2 0.197222 0.869966 0.092222 0.192953
3 0.350556 0.579698 0.098889 0.135906
3 0.615556 0.778523 0.068889 0.171141
3 0.699444 0.835570 0.072222 0.127517
3 0.810556 0.916946 0.092222 0.166107
3 0.959444 0.697987 0.081111 0.184564
3 0.512222 0.525168 0.066667 0.110738
3 0.370556 0.695470 0.070000 0.105705
3 0.447222 0.659396 0.074444 0.107383
3 0.035000 0.715604 0.067778 0.156040
3 0.082778 0.853188 0.050000 0.125839
3 0.242778 0.749161 0.056667 0.102349
3 0.596667 0.540268 0.062222 0.093960
1 0.302222 0.239933 0.197778 0.144295
