1 0.444167 0.428074 0.098333 0.164733
1 0.543333 0.392111 0.096667 0.120650
1 0.632500 0.325986 0.101667 0.141531
1 0.714167 0.633411 0.125000 0.213457
1 0.365000 0.849188 0.116667 0.185615
1 0.711667 0.164733 0.116667 0.162413
1 0.665833 0.503480 0.095000 0.153132
1 0.613333 0.807425 0.150000 0.129930
1 0.201667 0.317865 0.080000 0.111369
1 0.920833 0.399072 0.101667 0.162413
1 0.920833 0.743619 0.115000 0.160093
1 0.549167 0.522042 0.121667 0.143852
1 0.438333 0.582367 0.123333 0.139211
1 0.176667 0.808585 0.110000 0.183295
1 0.152500 0.941995 0.121667 0.116009
1 0.299167 0.436195 0.071667 0.102088
1 0.275000 0.575406 0.060000 0.092807
1 0.844167 0.501160 0.108333 0.102088
