2 0.404167 0.770000 0.098333 0.116667
2 0.448333 0.855833 0.090000 0.101667
2 0.522500 0.894167 0.078333 0.095000
2 0.616667 0.835833 0.123333 0.101667
2 0.295833 0.894167 0.085000 0.085000
2 0.245000 0.818333 0.113333 0.076667
2 0.192500 0.623333 0.095000 0.083333
0 0.465833 0.487500 0.101667 0.088333
0 0.758333 0.413333 0.086667 0.083333
0 0.823333 0.537500 0.096667 0.085000
0 0.482500 0.319167 0.091667 0.071667
0 0.635000 0.230000 0.110000 0.076667
0 0.840000 0.243333 0.076667 0.063333
0 0.899167 0.206667 0.068333 0.060000
0 0.580000 0.089167 0.080000 0.065000
0 0.301667 0.183333 0.073333 0.066667
0 0.163333 0.471667 0.096667 0.080000
0 0.636667 0.643333 0.056667 0.066667
0 0.445000 0.684167 0.070000 0.078333
1 0.426667 0.525833 0.333333 0.221667
1 0.698333 0.725000 0.320000 0.130000
1 0.795833 0.090833 0.238333 0.155000
