2 0.543333 0.503333 0.113333 0.160000
2 0.634167 0.515833 0.098333 0.158333
2 0.690000 0.608333 0.096667 0.133333
2 0.778333 0.610833 0.130000 0.135000
2 0.850833 0.528333 0.091667 0.116667
2 0.930000 0.575000 0.113333 0.136667
2 0.375000 0.643333 0.140000 0.143333
2 0.290000 0.556667 0.113333 0.120000
2 0.104167 0.557500 0.151667 0.161667
2 0.060833 0.330000 0.118333 0.143333
3 0.158333 0.411667 0.110000 0.110000
3 0.086667 0.445000 0.110000 0.110000
3 0.087500 0.288333 0.088333 0.100000
3 0.125833 0.050000 0.085000 0.073333
1 0.374167 0.378333 0.258333 0.410000
1 0.817500 0.311667 0.365000 0.376667
