0 0.469167 0.490000 0.101667 0.093333
0 0.822500 0.532500 0.085000 0.081667
0 0.641667 0.646667 0.073333 0.076667
0 0.440000 0.688333 0.080000 0.086667
0 0.757500 0.411667 0.085000 0.090000
0 0.478333 0.313333 0.093333 0.086667
0 0.625000 0.229167 0.090000 0.071667
0 0.847500 0.244167 0.071667 0.081667
0 0.580833 0.090000 0.075000 0.073333
0 0.302500 0.182500 0.101667 0.065000
0 0.172500 0.471667 0.091667 0.093333
1 0.448333 0.519167 0.326667 0.228333
1 0.719167 0.696667 0.321667 0.186667
2 0.237500 0.819167 0.098333 0.101667
2 0.405000 0.771667 0.086667 0.126667
2 0.450833 0.860000 0.108333 0.120000
2 0.610833 0.825000 0.098333 0.106667
