2 0.220312 0.775348 0.153125 0.254473
2 0.340625 0.818091 0.159375 0.240557
2 0.437500 0.763419 0.134375 0.254473
2 0.507031 0.710736 0.120313 0.252485
0 0.254688 0.574553 0.118750 0.206759
0 0.332031 0.667992 0.101562 0.159046
0 0.535937 0.611332 0.115625 0.180915
0 0.583594 0.549702 0.123438 0.196819
0 0.652344 0.564612 0.089063 0.170974
0 0.610938 0.393638 0.131250 0.170974
0 0.722656 0.483101 0.107813 0.194831
0 0.869531 0.458250 0.123438 0.208748
0 0.914844 0.365805 0.117188 0.202783
0 0.810156 0.257455 0.104688 0.200795
0 0.741406 0.361829 0.104688 0.163022
