2 0.268125 0.833125 0.068750 0.088750
2 0.348125 0.855000 0.086250 0.110000
2 0.548125 0.947500 0.106250 0.105000
2 0.662500 0.795625 0.095000 0.116250
2 0.746250 0.883125 0.097500 0.121250
2 0.878125 0.866875 0.101250 0.101250
2 0.895625 0.952500 0.083750 0.090000
3 0.374375 0.952500 0.093750 0.095000
3 0.127500 0.927500 0.067500 0.092500
0 0.327500 0.158750 0.122500 0.112500
0 0.472500 0.172500 0.097500 0.097500
0 0.589375 0.090625 0.103750 0.111250
0 0.623750 0.191250 0.115000 0.102500
0 0.685000 0.161250 0.092500 0.072500
0 0.695625 0.045000 0.103750 0.075000
0 0.889375 0.136250 0.093750 0.097500
0 0.870625 0.050000 0.098750 0.077500
0 0.351250 0.058750 0.130000 0.097500
1 0.381250 0.431875 0.205000 0.223750
1 0.565000 0.383750 0.172500 0.125000
1 0.665625 0.497500 0.331250 0.155000
1 0.811875 0.339375 0.188750 0.193750
1 0.148125 0.437500 0.238750 0.240000
