2 0.735887 0.775217 0.155914 0.136941
2 0.835013 0.665999 0.127016 0.148297
2 0.944220 0.662659 0.111559 0.137609
2 0.520161 0.673013 0.112903 0.108884
2 0.621640 0.676687 0.100806 0.118904
2 0.514113 0.579492 0.129032 0.107548
2 0.354167 0.674015 0.084677 0.068136
2 0.408266 0.632599 0.062500 0.056112
2 0.326949 0.612892 0.071909 0.068804
2 0.242944 0.747161 0.067876 0.076820
3 0.616599 0.774215 0.090726 0.125585
3 0.912970 0.752171 0.106855 0.112224
3 0.197245 0.662325 0.081317 0.074148
3 0.104839 0.623914 0.073925 0.080160
